simple_triggers_file version 1
110
-6.000000  0 
-5.000000  0 
1.000000  16 4 0 31 2 144115188075857046 0 2133 2 144115188075857046 1 2124 1 100 729 2 0 7050 730 2 0 7200 1626 2 209 0 3 0 32 2 144115188075856228 0 32 2 144115188075856217 0 30 2 144115188075856225 1 2270 1 1224979098644774912 31 2 144115188075856224 0 30 2 1224979098644774912 144115188075856229 2147485921 0 1030 3 0 0 0 
0.000000  25 4 0 31 2 144115188075857061 0 1230 1 203 501 3 21 27 0 1096 2 13 0 1096 2 0 0 4 0 2147483848 1 32 1615 3 0 135 1 3 0 6 3 1224979098644774912 216 336 4 0 540 3 1224979098644774912 2 0 2173 2 1224979098644774913 1224979098644774912 33 3 1224979098644774913 15 21 500 3 1224979098644774912 2 2 3 0 3 0 1 1 49 2133 2 144115188075857061 1 3 0 31 2 144115188075856283 1 32 2 144115188075856063 0 132 1 144115188075856063 1623 3 0 144115188075856063 0 
0.000000  42 4 0 32 2 144115188075856245 0 1680 2 1224979098644774912 144115188075856245 32 2 1224979098644774912 0 2204 2 1224979098644774913 144115188075856245 2190 3 1224979098644774914 1224979098644774913 14 2204 2 1224979098644774915 1224979098644774912 2190 3 1224979098644774916 1224979098644774915 14 30 2 1224979098644774914 0 2147483678 2 1224979098644774916 0 1300 1 144115188075856245 1030 3 0 0 0 5 0 2270 1 1224979098644774917 2133 2 1224979098644774918 0 4 0 2147483679 2 144115188075856865 0 30 2 1224979098644774917 144115188075856865 2133 2 1224979098644774918 1 2133 2 144115188075856865 0 3 0 1073741855 2 1224979098644774918 1 37 0 4 0 30 2 144115188075856062 1 2060 1 144115188075856062 2133 2 144115188075856062 -1 5 0 30 2 144115188075856088 1 1300 1 144115188075856088 5 0 30 2 144115188075856228 1 1300 1 144115188075856228 5 0 30 2 144115188075856182 1 2133 2 144115188075856182 0 2133 2 144115188075856183 0 2133 2 144115188075856181 0 1030 3 0 0 0 1106 1 1585267068834415163 3 0 3 0 
0.000000  19 560 3 834 0 1 520 3 1224979098644774912 834 0 520 3 144115188075856876 835 0 520 3 144115188075856877 836 0 2060 1 1224979098644774912 2133 2 1224979098644774913 2 6 3 1224979098644774914 1 1224979098644774913 4 0 560 3 834 1224979098644774914 1 2105 2 1224979098644774913 1 3 0 2121 3 1224979098644774915 1224979098644774914 1 520 3 1224979098644774916 834 1224979098644774914 500 3 834 1224979098644774915 1224979098644774916 520 3 1224979098644774916 835 1224979098644774914 500 3 835 1224979098644774915 1224979098644774916 520 3 1224979098644774916 836 1224979098644774914 500 3 836 1224979098644774915 1224979098644774916 3 0 
1.000000  2 37 0 1 2 483 65536 
0.000000  19 4 0 31 2 144115188075855972 1 132 1 144115188075856108 2281 3 1224979098644774912 144115188075856107 144115188075856108 2147483678 2 1224979098644774912 2 2281 3 1224979098644774913 0 144115188075856108 2147483678 2 1224979098644774913 5 2133 2 144115188075856110 2 2133 2 144115188075856273 144115188075856108 1652 3 1224979098644774914 144115188075856108 0 1655 3 1224979098644774915 144115188075856108 0 1025 2 1224979098644774914 1224979098644774915 3 0 4 0 32 2 144115188075856037 1 6 3 1224979098644774916 194 463 500 3 1224979098644774916 149 0 3 0 3 0 
24.000000  9 6 3 1224979098644774912 15 21 522 3 1224979098644774913 1224979098644774912 99 2121 3 1224979098644774914 140 144115188075856031 2108 2 1224979098644774914 14 2111 2 1224979098644774914 1 2123 3 1224979098644774915 1224979098644774913 1224979098644774914 2106 2 1224979098644774913 1224979098644774915 502 3 1224979098644774912 99 1224979098644774913 3 0 
4.000000  6 6 3 1224979098644774912 342 463 2147484208 3 1224979098644774912 8 0 1 2 507 1224979098644774912 2133 2 1224979098644774913 72057594037927937 500 3 1224979098644774912 12 1224979098644774913 3 0 
2.000000  19 31 2 144115188075856163 1 2133 2 1224979098644774912 0 11 1 1224979098644774913 32 2 1224979098644774913 234 1652 3 1224979098644774914 1224979098644774913 0 33 3 1224979098644774914 194 342 520 3 1224979098644774915 1224979098644774914 10 2147483679 2 1224979098644774913 1224979098644774915 2133 2 72057594037927940 1224979098644774913 2133 2 72057594037927941 1224979098644774915 2322 2 3 1224979098644774914 1106 1 1585267068834415164 2320 2 65 216172782113786496 4 0 31 2 1224979098644774912 0 1 4 292 206 0 0 2133 2 1224979098644774912 1 3 0 3 0 
24.000000  28 4 0 2147483848 1 40 2147484208 3 0 8 1 2147484208 3 0 30 194 2133 2 1224979098644774912 -1 2133 2 1224979098644774913 120 6 3 1224979098644774914 342 463 560 3 1224979098644774914 5 2 2147484188 3 1224979098644774914 5 4 540 3 1224979098644774914 37 0 540 3 1224979098644774914 30 -1 520 3 1224979098644774915 1224979098644774914 12 33 3 1224979098644774915 21 91 1 3 502 0 1224979098644774914 32 2 72057594037927936 1 2270 1 1224979098644774916 520 3 1224979098644774917 1224979098644774914 4 2106 2 1224979098644774916 1224979098644774917 32 2 1224979098644774916 1224979098644774913 2133 2 1224979098644774913 1224979098644774916 2133 2 1224979098644774912 1224979098644774914 2133 2 1224979098644774918 1224979098644774915 3 0 4 0 32 2 1224979098644774912 0 1 4 292 203 1224979098644774912 1224979098644774918 3 0 3 0 
1.000000  22 30 2 144115188075856240 1 4 0 2147483679 2 144115188075856283 0 2133 2 144115188075856240 0 5 0 37 0 2133 2 144115188075856240 0 5 0 1073742365 3 144115188075856240 35 2 541 3 144115188075856240 35 4 1300 1 144115188075856240 1030 1 0 2133 2 144115188075856240 0 2133 2 144115188075856243 1 5 0 541 3 144115188075856240 35 1 1030 3 3 5 1 5 0 1030 3 0 0 0 2133 2 144115188075856240 0 2133 2 144115188075856243 0 3 0 
168.000000  7 2133 2 144115188075856165 0 2133 2 144115188075856166 15 2133 2 144115188075856167 1 4 0 31 2 144115188075856183 0 900 1 41 3 0 
24.000000  16 2147483680 2 144115188075856062 0 32 2 144115188075856287 0 2147483679 2 144115188075856287 14 31 2 144115188075856066 0 520 3 1224979098644774912 0 30 2133 2 1224979098644774913 0 4 0 33 3 1224979098644774912 194 342 2173 2 1224979098644774914 1224979098644774912 31 2 1224979098644774914 144115188075856287 2133 2 1224979098644774913 1 3 0 31 2 1224979098644774913 0 2272 1 1224979098644774915 32 2 1224979098644774915 144115188075856079 2060 1 84 
180.000000  2 2106 2 144115188075856755 1 2111 2 144115188075856755 0 
72.000000  1 2133 2 144115188075856095 0 
4.000000  5 2133 2 144115188075856093 1 4 0 560 3 0 30 194 2133 2 144115188075856075 1 3 0 
24.000000  4 31 2 144115188075856075 1 540 3 0 13 0 2147483680 2 144115188075856062 0 900 1 28 
24.000000  17 1 1 281 2133 2 1224979098644774912 72057594037927936 1671 2 1224979098644774913 0 2121 3 1224979098644774914 1224979098644774912 1224979098644774913 2123 3 1224979098644774915 1224979098644774914 5 2122 3 1224979098644774916 1224979098644774915 5 4 0 2147483679 2 1224979098644774916 1224979098644774914 4 0 32 2 1224979098644774914 0 2105 2 1224979098644774915 1 5 0 2106 2 1224979098644774915 1 3 0 3 0 2105 2 1224979098644774913 1224979098644774915 1672 2 0 1224979098644774913 
168.000000  12 6 3 1224979098644774912 21 201 1651 2 1224979098644774913 1224979098644774912 7 3 1224979098644774914 0 1224979098644774913 1656 3 1224979098644774915 1224979098644774912 1224979098644774914 2147485155 1 1224979098644774915 1657 3 1224979098644774916 1224979098644774912 1224979098644774914 2136 3 1224979098644774917 0 40 2107 2 1224979098644774916 1224979098644774917 2108 2 1224979098644774916 100 1616 3 1224979098644774912 1224979098644774915 1224979098644774916 3 0 3 0 
168.000000  25 6 3 1224979098644774912 194 342 520 3 1224979098644774913 1224979098644774912 21 2107 2 1224979098644774913 101 2108 2 1224979098644774913 100 500 3 1224979098644774912 21 1224979098644774913 1 2 237 1224979098644774912 3 0 6 3 1224979098644774914 21 91 2147484189 3 1224979098644774914 7 0 561 3 1224979098644774914 7 1 521 3 1224979098644774915 1224979098644774914 49 521 3 1224979098644774916 1224979098644774914 50 2122 3 1224979098644774917 1224979098644774916 15 2105 2 1224979098644774917 700 4 0 541 3 1224979098644774914 0 3 2107 2 1224979098644774917 3 2108 2 1224979098644774917 2 3 0 2105 2 1224979098644774915 1224979098644774917 1 2 235 1224979098644774914 2106 2 1224979098644774915 72057594037927936 2111 2 1224979098644774915 0 501 3 1224979098644774914 49 1224979098644774915 3 0 
24.000000  105 6 3 1224979098644774912 194 342 540 3 1224979098644774912 2 2 520 3 1224979098644774913 1224979098644774912 10 30 2 1224979098644774913 1 132 1 1224979098644774913 1694 2 1224979098644774914 1224979098644774913 33 3 1224979098644774914 21 201 541 3 1224979098644774914 54 -1 2204 2 1224979098644774915 1224979098644774913 4 0 1073741855 2 1224979098644774915 14 31 2 1224979098644774915 144115188075856287 2133 2 1224979098644774916 1 2136 3 1224979098644774917 0 2 2105 2 1224979098644774916 1224979098644774917 5 0 424 1 1224979098644774918 4 0 31 2 1224979098644774918 0 2133 2 1224979098644774916 2 5 0 31 2 1224979098644774918 1 2133 2 1224979098644774916 1 2136 3 1224979098644774917 0 2 2105 2 1224979098644774916 1224979098644774917 5 0 31 2 1224979098644774918 2 2133 2 1224979098644774916 1 3 0 3 0 4 0 542 3 1224979098644774915 8 1224979098644774912 2105 2 1224979098644774916 1 3 0 6 3 1224979098644774919 0 1224979098644774916 1 2 239 1224979098644774912 3 0 3 0 6 3 1224979098644774920 21 91 2147484189 3 1224979098644774920 7 0 561 3 1224979098644774920 7 1 541 3 1224979098644774920 54 -1 2204 2 1224979098644774921 1224979098644774920 4 0 1073741855 2 1224979098644774921 14 31 2 1224979098644774921 144115188075856287 2133 2 1224979098644774922 450 5 0 424 1 1224979098644774918 2133 2 1224979098644774922 450 4 0 31 2 1224979098644774918 0 2133 2 1224979098644774922 300 2136 3 1224979098644774916 0 2 2105 2 1224979098644774916 1 5 0 31 2 1224979098644774918 1 2133 2 1224979098644774922 450 2133 2 1224979098644774916 1 5 0 31 2 1224979098644774918 2 2133 2 1224979098644774922 600 2136 3 1224979098644774916 0 2 3 0 3 0 6 3 1224979098644774919 0 1224979098644774916 521 3 1224979098644774923 1224979098644774920 49 2133 2 1224979098644774924 1224979098644774923 2108 2 1224979098644774924 2 32 2 1224979098644774924 1224979098644774922 1 2 238 1224979098644774920 2106 2 1224979098644774923 1224979098644774922 501 3 1224979098644774920 49 1224979098644774923 3 0 3 0 6 3 1224979098644774920 21 201 2136 3 1224979098644774925 0 30 2147483680 2 1224979098644774925 10 1 2 431 1224979098644774920 2133 2 1224979098644774926 72057594037927936 521 3 1224979098644774927 1224979098644774920 50 4 0 31 2 1224979098644774925 0 4 0 2136 3 1224979098644774925 0 2 4 0 31 2 1224979098644774925 0 2147483681 3 1224979098644774920 43 91 1 3 430 1224979098644774920 -10 2105 2 144115188075857005 -10 5 0 1 3 430 1224979098644774920 10 2105 2 144115188075857005 10 3 0 3 0 5 0 32 2 1224979098644774927 1224979098644774926 1 3 430 1224979098644774920 -1 2105 2 144115188075857005 -1 5 0 2147483678 2 1224979098644774927 1224979098644774926 1 3 430 1224979098644774920 1 2105 2 144115188075857005 1 3 0 3 0 
360.000000  0 
6.000000  20 2272 1 1224979098644774912 4 0 2147483679 2 1224979098644774912 144115188075856879 2133 2 144115188075856879 1224979098644774912 4 0 31 2 144115188075856880 1 2105 2 144115188075856878 1 3 0 2133 2 144115188075856880 1 3 0 2133 2 1224979098644774913 0 4 0 2147483685 0 30 2 144115188075856245 0 1073742365 3 144115188075856245 130 1 33 3 144115188075856245 21 91 2133 2 1224979098644774913 1 3 0 31 2 1224979098644774913 0 2133 2 144115188075856880 0 
24.000000  72 1 2 290 1 4 0 2136 3 1224979098644774912 91 201 2136 3 1224979098644774913 91 201 2204 2 1224979098644774914 1224979098644774912 2204 2 1224979098644774915 1224979098644774913 2147483679 2 1224979098644774912 1224979098644774913 2147483679 2 1224979098644774914 1224979098644774915 1 3 526 1224979098644774915 1224979098644774914 31 2 72057594037927936 0 4 0 541 3 1224979098644774912 61 1224979098644774915 1 4 292 182 1224979098644774912 -1 5 0 541 3 1224979098644774912 62 1224979098644774915 1 4 292 182 1224979098644774912 -1 5 0 2124 1 1 2281 3 1224979098644774916 1224979098644774912 1224979098644774913 2147483678 2 1224979098644774916 25 1 4 292 182 1224979098644774912 1224979098644774913 3 0 3 0 6 3 1224979098644774917 14 21 542 3 1224979098644774917 21 0 6 3 1224979098644774918 14 21 2147483679 2 1224979098644774917 1224979098644774918 542 3 1224979098644774918 21 0 2120 3 1224979098644774919 1224979098644774918 120 2106 2 1224979098644774919 14 522 3 1224979098644774920 1224979098644774917 1224979098644774919 4 0 30 2 1224979098644774920 1 4 0 31 2 1224979098644774920 1 1 2 400 1224979098644774917 2147483678 2 1224979098644774917 1224979098644774918 1 4 292 176 1224979098644774917 1224979098644774918 3 0 2106 2 1224979098644774920 1 502 3 1224979098644774917 1224979098644774919 1224979098644774920 3 0 2120 3 1224979098644774921 1224979098644774918 130 2106 2 1224979098644774921 14 522 3 1224979098644774922 1224979098644774917 1224979098644774921 4 0 30 2 1224979098644774922 1 4 0 2190 3 1224979098644774923 1224979098644774917 1224979098644774918 2147483678 2 1224979098644774923 0 502 3 1224979098644774917 1224979098644774921 0 5 0 31 2 1224979098644774922 1 1 4 292 179 1224979098644774917 1224979098644774918 502 3 1224979098644774917 1224979098644774921 0 5 0 2106 2 1224979098644774922 1 502 3 1224979098644774917 1224979098644774921 1224979098644774922 3 0 3 0 4 0 2190 3 1224979098644774923 1224979098644774917 1224979098644774918 2147483678 2 1224979098644774923 0 2120 3 1224979098644774924 1224979098644774918 140 2106 2 1224979098644774924 14 522 3 1224979098644774925 1224979098644774917 1224979098644774924 2105 2 1224979098644774925 1 502 3 1224979098644774917 1224979098644774924 1224979098644774925 3 0 3 0 1 2 400 1224979098644774917 3 0 
48.000000  56 6 3 1224979098644774912 194 342 540 3 1224979098644774912 2 2 520 3 1224979098644774913 1224979098644774912 10 32 2 1224979098644774913 201 132 1 1224979098644774913 2170 3 1224979098644774914 17 1224979098644774912 2105 2 1224979098644774914 5 2122 3 1224979098644774915 1224979098644774914 1000 2133 2 1224979098644774916 30 4 0 2173 2 1224979098644774917 1224979098644774912 2147483679 2 1224979098644774917 144115188075856287 424 1 1224979098644774918 4 0 31 2 1224979098644774918 0 2133 2 1224979098644774916 35 2107 2 1224979098644774915 3 2108 2 1224979098644774915 2 5 0 31 2 1224979098644774918 2 2133 2 1224979098644774916 25 2108 2 1224979098644774915 2 3 0 3 0 2136 3 1224979098644774919 0 100 2147483680 2 1224979098644774919 1224979098644774916 1673 2 1224979098644774913 1224979098644774915 3 0 6 3 1224979098644774920 21 91 521 3 1224979098644774921 1224979098644774920 7 2147483679 2 1224979098644774921 0 2133 2 1224979098644774915 3000 2133 2 1224979098644774916 30 4 0 2133 2 1224979098644774922 -1 4 0 30 2 1224979098644774921 0 2173 2 1224979098644774922 1224979098644774921 3 0 2147483679 2 1224979098644774922 144115188075856287 424 1 1224979098644774918 4 0 31 2 1224979098644774918 0 2133 2 1224979098644774916 35 2107 2 1224979098644774915 3 2108 2 1224979098644774915 2 5 0 31 2 1224979098644774918 2 2133 2 1224979098644774916 25 2108 2 1224979098644774915 2 3 0 3 0 2136 3 1224979098644774919 0 100 2147483680 2 1224979098644774919 1224979098644774916 1673 2 1224979098644774920 1224979098644774915 3 0 
24.000000  1 1 1 254 
2.000000  1 1 1 253 
7.000000  5 1 1 285 6 3 1224979098644774912 194 342 540 3 1224979098644774912 2 2 1 2 287 1224979098644774912 3 0 
24.000000  0 
24.000000  19 6 3 1224979098644774912 194 342 520 3 1224979098644774913 1224979098644774912 51 2106 2 1224979098644774913 5 2111 2 1224979098644774913 0 500 3 1224979098644774912 51 1224979098644774913 3 0 2136 3 1224979098644774914 1 3 2110 2 1224979098644774914 2 6 3 1224979098644774915 194 342 520 3 1224979098644774916 1224979098644774915 150 30 2 1224979098644774916 1 2106 2 1224979098644774916 1224979098644774914 2111 2 1224979098644774916 0 500 3 1224979098644774915 150 1224979098644774916 3 0 520 3 1224979098644774916 0 150 2106 2 1224979098644774916 1224979098644774914 2111 2 1224979098644774916 0 500 3 0 150 1224979098644774916 
8.000000  2 1 1 495 1 1 495 
0.500000  135 2105 2 144115188075856757 1 4 0 2147483681 3 144115188075856757 193 342 2133 2 144115188075856757 193 3 0 2133 2 1224979098644774912 144115188075856757 4 0 31 2 1224979098644774912 193 2133 2 1224979098644774912 0 3 0 4 0 31 2 144115188075856163 1 2322 2 9 1224979098644774912 1106 1 1585267068834415165 3 0 4 0 540 3 1224979098644774912 2 2 2147483679 2 1224979098644774912 0 2133 2 1224979098644774913 -1 6 3 1224979098644774914 21 201 541 3 1224979098644774914 7 1224979098644774912 2133 2 1224979098644774913 1224979098644774914 3 0 4 0 31 2 1224979098644774913 -1 2173 2 1224979098644774915 1224979098644774912 522 3 1224979098644774916 1224979098644774915 11 520 3 1224979098644774917 1224979098644774912 52 4 0 2147483679 2 1224979098644774916 1224979098644774912 4 0 1073741855 2 1224979098644774917 2 1073741855 2 1224979098644774917 3 1073741855 2 1224979098644774917 4 31 2 1224979098644774917 5 1 4 501 1224979098644774912 1224979098644774916 -4 2105 2 144115188075857006 -4 5 0 31 2 1224979098644774917 1 1 4 501 1224979098644774912 1224979098644774916 -2 2105 2 144115188075857006 -2 3 0 3 0 3 0 3 0 4 0 1073742364 3 1224979098644774912 2 2 31 2 1224979098644774912 0 4 0 31 2 1224979098644774912 0 2133 2 1224979098644774918 144115188075856287 5 0 2173 2 1224979098644774918 1224979098644774912 3 0 522 3 1224979098644774916 1224979098644774918 11 2147483679 2 1224979098644774912 1224979098644774916 2147483681 3 1224979098644774912 210 216 2147483681 3 1224979098644774912 336 342 2133 2 1224979098644774919 0 6 3 1224979098644774920 21 91 2204 2 1224979098644774921 1224979098644774920 31 2 1224979098644774921 1224979098644774918 2105 2 1224979098644774919 1 3 0 4 0 1073741855 2 1224979098644774918 144115188075856287 31 2 1224979098644774918 14 2105 2 1224979098644774919 1 3 0 1 3 502 1224979098644774912 1224979098644774916 3221225504 2 72057594037927936 -50 31 2 1224979098644774919 0 1 3 500 1224979098644774912 0 2136 3 1224979098644774922 0 2 4 0 1073741855 2 1224979098644774919 0 2147483679 2 1224979098644774922 0 2147483679 2 1224979098644774912 0 4 0 2147483679 2 1224979098644774919 0 2133 2 144115188075857080 1 3 0 2173 2 1224979098644774923 1224979098644774912 1 2 541 1224979098644774912 2133 2 1224979098644774924 72057594037927936 2133 2 144115188075857080 0 4 0 2147483679 2 1224979098644774924 1224979098644774923 33 3 1224979098644774924 14 21 2341 2 1 1224979098644774912 2343 2 2 1224979098644774924 2343 2 3 1224979098644774918 1 3 228 1224979098644774912 1224979098644774924 4 0 30 2 144115188075856163 1 2322 2 4 1224979098644774912 1106 1 1585267068834415166 3 0 1506 2 72057594037927940 1224979098644774912 2320 2 4 216172782113786861 1105 1 1585267068834415167 4 0 31 2 144115188075856163 1 1073741855 2 1224979098644774924 144115188075856287 31 2 1224979098644774918 144115188075856287 1 4 292 180 1224979098644774912 1224979098644774918 3 0 3 0 5 0 2147483679 2 1224979098644774916 0 1 3 502 1224979098644774912 1224979098644774916 2147483680 2 72057594037927936 -50 1 3 562 1224979098644774912 1224979098644774918 3 0 5 0 2147483679 2 1224979098644774912 0 2173 2 1224979098644774918 1224979098644774912 562 3 1224979098644774918 64 1 2147484208 3 1224979098644774912 154 1 1073742364 3 1224979098644774912 154 -1 2147483679 2 144115188075856287 1224979098644774918 540 3 1224979098644774912 2 2 1 2 545 1224979098644774912 500 3 1224979098644774912 154 72057594037927936 3 0 6 3 1224979098644774925 194 342 1 3 502 1224979098644774912 1224979098644774925 2147483678 2 72057594037927936 0 2133 2 1224979098644774926 72057594037927936 2121 3 1224979098644774927 0 1224979098644774926 2136 3 1224979098644774928 0 300 2147483678 2 1224979098644774928 1224979098644774927 1 4 501 1224979098644774912 1224979098644774925 1 2105 2 144115188075857007 1 3 0 
2.000000  0 
1.000000  3 1 1 256 1 1 257 1 1 261 
3.000000  114 2270 1 1224979098644774912 6 3 1224979098644774913 21 91 521 3 1224979098644774914 1224979098644774913 54 32 2 1224979098644774914 0 132 1 1224979098644774914 2204 2 1224979098644774915 1224979098644774914 561 3 1224979098644774913 54 1 521 3 1224979098644774916 1224979098644774913 64 2121 3 1224979098644774916 1224979098644774912 1224979098644774916 2133 2 1224979098644774917 0 2133 2 1224979098644774918 0 2133 2 1224979098644774919 0 2133 2 1224979098644774920 0 6 3 1224979098644774921 194 342 540 3 1224979098644774921 2 2 2147484208 3 1224979098644774921 8 0 520 3 1224979098644774922 1224979098644774921 10 32 2 1224979098644774922 0 132 1 1224979098644774922 2173 2 1224979098644774923 1224979098644774921 31 2 1224979098644774923 1224979098644774915 2133 2 1224979098644774924 0 4 0 541 3 1224979098644774922 4 1 541 3 1224979098644774922 5 1224979098644774913 2133 2 1224979098644774924 1 5 0 541 3 1224979098644774922 4 11 521 3 1224979098644774925 1224979098644774922 5 32 2 1224979098644774925 0 132 1 1224979098644774925 541 3 1224979098644774925 4 1 541 3 1224979098644774925 5 1224979098644774913 2133 2 1224979098644774924 1 3 0 31 2 1224979098644774924 1 1680 2 1224979098644774926 1224979098644774922 3221225502 2 1224979098644774926 0 31 2 1224979098644774926 1224979098644774913 4 0 542 3 1224979098644774915 8 1224979098644774921 2133 2 1224979098644774920 1 3 0 1 2 150 1224979098644774922 2105 2 1224979098644774919 72057594037927936 3 0 4 0 32 2 1224979098644774919 0 1662 2 1224979098644774913 15 1 2 150 15 2133 2 1224979098644774927 72057594037927936 4 0 31 2 144115188075856088 1224979098644774913 31 2 144115188075856283 0 1 2 150 0 2105 2 1224979098644774927 72057594037927936 2107 2 1224979098644774919 2 3 0 521 3 1224979098644774928 1224979098644774913 65 2105 2 1224979098644774928 100 2107 2 1224979098644774927 1224979098644774928 2108 2 1224979098644774927 100 2111 2 1224979098644774927 1 4 0 31 2 1224979098644774920 1 31 2 1224979098644774915 144115188075856287 200 1 17 2107 2 1224979098644774919 2 3 0 2122 3 1224979098644774929 1224979098644774919 100 2108 2 1224979098644774929 1224979098644774927 2121 3 1224979098644774930 1224979098644774929 250 4 0 32 2 1224979098644774930 -100 2123 3 1224979098644774931 1224979098644774916 2 2105 2 1224979098644774930 1224979098644774931 3 0 2108 2 1224979098644774930 5 2111 2 1224979098644774930 0 2121 3 1224979098644774932 175 1224979098644774929 2111 2 1224979098644774932 0 4 0 2136 3 1224979098644774933 0 100 2147483678 2 1224979098644774933 1224979098644774930 32 2 1224979098644774916 24 2133 2 1224979098644774917 1 5 0 2136 3 1224979098644774933 0 100 2147483678 2 1224979098644774933 1224979098644774932 2133 2 1224979098644774918 1 3 0 5 0 2133 2 1224979098644774918 1 3 0 4 0 31 2 1224979098644774917 1 1 2 263 1224979098644774913 5 0 31 2 1224979098644774918 1 6 3 1224979098644774921 194 342 540 3 1224979098644774921 2 2 2147484208 3 1224979098644774921 8 0 520 3 1224979098644774922 1224979098644774921 10 32 2 1224979098644774922 0 132 1 1224979098644774922 541 3 1224979098644774922 4 1 541 3 1224979098644774922 5 1224979098644774913 541 3 1224979098644774922 8 1 1 4 258 1224979098644774922 -1 -1 1 4 258 1224979098644774922 1 1224979098644774913 501 3 1224979098644774913 64 1224979098644774912 3 0 3 0 3 0 
6.000000  1 2133 2 144115188075856069 1 
0.000000  21 4 0 30 2 144115188075856163 1 6 3 1224979098644774912 210 216 2120 3 1224979098644774913 1224979098644774912 15 2106 2 1224979098644774913 210 2173 2 1224979098644774914 1224979098644774912 2147483679 2 1224979098644774913 1224979098644774914 2147483679 2 1224979098644774914 1 30 2 144115188075856163 2 2147483679 2 1224979098644774912 211 2322 2 4 1224979098644774912 2335 2 5 1224979098644774914 2335 2 6 1224979098644774913 2320 2 65 1585267068834415168 1030 3 0 0 0 2060 1 206 3 0 3 0 31 2 144115188075856069 1 2133 2 144115188075856069 0 1 1 286 
24.000000  14 6 3 1224979098644774912 14 21 1 2 192 1224979098644774912 3 0 6 3 1224979098644774913 194 342 2173 2 1224979098644774914 1224979098644774913 2147484190 3 1224979098644774914 4 0 2147484190 3 1224979098644774914 4 6 2147484190 3 1224979098644774914 4 1 520 3 1224979098644774915 1224979098644774913 10 132 1 1224979098644774915 2105 2 144115188075856999 1 541 3 1224979098644774915 4 11 2105 2 144115188075857008 1 3 0 
36.000000  6 6 3 1224979098644774912 194 463 500 3 1224979098644774912 20 0 3 0 6 3 1224979098644774912 689 799 500 3 1224979098644774912 20 0 3 0 
168.000000  3 6 3 1224979098644774912 91 201 1 2 250 1224979098644774912 3 0 
48.000000  4 6 3 1224979098644774912 91 201 1 2 251 1224979098644774912 501 3 1224979098644774912 46 0 3 0 
168.000000  55 6 3 1224979098644774912 21 201 2147483681 3 1224979098644774912 43 91 521 3 1224979098644774913 1224979098644774912 205 521 3 1224979098644774914 1224979098644774912 206 521 3 1224979098644774915 1224979098644774912 208 2111 2 1224979098644774915 1 2122 3 1224979098644774916 1224979098644774913 400 2122 3 1224979098644774917 1224979098644774914 200 2105 2 1224979098644774916 1224979098644774917 2108 2 1224979098644774916 1224979098644774915 2136 3 1224979098644774918 0 100 4 0 31 2 1224979098644774918 0 2110 2 1224979098644774913 10 5 0 32 2 1224979098644774916 100 2107 2 1224979098644774914 90 2108 2 1224979098644774914 100 2107 2 1224979098644774913 90 2108 2 1224979098644774913 100 5 0 2147483678 2 1224979098644774916 30 2107 2 1224979098644774913 120 2108 2 1224979098644774913 100 2105 2 1224979098644774913 1 2107 2 1224979098644774914 120 2108 2 1224979098644774914 100 2105 2 1224979098644774914 1 5 0 2147483678 2 1224979098644774916 60 2107 2 1224979098644774913 110 2108 2 1224979098644774913 100 2105 2 1224979098644774913 1 2107 2 1224979098644774914 110 2108 2 1224979098644774914 100 2105 2 1224979098644774914 1 5 0 2147483678 2 1224979098644774916 100 2147483678 2 1224979098644774918 50 2107 2 1224979098644774913 105 2108 2 1224979098644774913 100 4 0 2147483680 2 1224979098644774913 20 2105 2 1224979098644774913 1 3 0 2107 2 1224979098644774914 105 2108 2 1224979098644774914 100 4 0 2147483680 2 1224979098644774914 20 2105 2 1224979098644774914 1 3 0 3 0 501 3 1224979098644774912 205 1224979098644774913 501 3 1224979098644774912 206 1224979098644774914 3 0 
168.000000  50 6 3 1224979098644774912 21 201 4 0 561 3 1224979098644774912 7 0 521 3 1224979098644774913 1224979098644774912 47 2133 2 1224979098644774914 0 4 0 541 3 1224979098644774912 0 4 4 0 541 3 1224979098644774912 35 0 2133 2 1224979098644774914 1200 3 0 5 0 541 3 1224979098644774912 0 2 2133 2 1224979098644774914 1200 5 0 541 3 1224979098644774912 0 3 2133 2 1224979098644774914 2400 3 0 521 3 1224979098644774915 1224979098644774912 50 2120 3 1224979098644774916 20 1224979098644774915 2107 2 1224979098644774914 1224979098644774916 2108 2 1224979098644774914 120 4 0 541 3 1224979098644774912 7 0 424 1 1224979098644774917 4 0 31 2 1224979098644774917 0 2107 2 1224979098644774914 3 2108 2 1224979098644774914 4 5 0 31 2 1224979098644774917 1 5 0 31 2 1224979098644774917 2 2107 2 1224979098644774914 4 2108 2 1224979098644774914 3 3 0 3 0 2105 2 1224979098644774913 1224979098644774914 501 3 1224979098644774912 47 1224979098644774913 3 0 4 0 33 3 1224979098644774912 91 201 521 3 1224979098644774918 1224979098644774912 120 561 3 1224979098644774918 7 0 33 3 1224979098644774918 43 91 521 3 1224979098644774913 1224979098644774918 47 2105 2 1224979098644774913 1224979098644774914 501 3 1224979098644774918 47 1224979098644774913 3 0 3 0 
32.000000  64 31 2 144115188075856287 0 2147483680 2 144115188075856033 0 31 2 144115188075856283 0 1506 2 1224979098644774912 0 4 0 31 2 1224979098644774912 1 31 2 144115188075856028 0 6 3 1224979098644774913 194 210 110 1 1224979098644774913 1506 2 1224979098644774914 1224979098644774913 31 2 1224979098644774914 1 560 3 0 7 150 560 3 1224979098644774913 139 1 2133 2 144115188075856028 1224979098644774913 3 0 5 0 2136 3 1224979098644774915 15 21 2133 2 1224979098644774916 999999 6 3 1224979098644774917 21 91 2204 2 1224979098644774918 1224979098644774917 31 2 1224979098644774918 1224979098644774915 2281 3 1224979098644774919 0 1224979098644774917 2110 2 1224979098644774916 1224979098644774919 3 0 2147483678 2 1224979098644774916 30 2190 3 1224979098644774920 1224979098644774915 14 522 3 1224979098644774921 1224979098644774915 11 1 2 269 1224979098644774921 2133 2 1224979098644774922 72057594037927936 1 2 231 0 2133 2 1224979098644774923 72057594037927936 31 2 144115188075856183 0 2133 2 1224979098644774924 0 4 0 30 2 0 0 2157 2 1224979098644774924 0 3 0 4 0 31 2 1224979098644774923 0 520 3 1224979098644774925 0 7 30 2 1224979098644774925 160 30 2 1224979098644774920 0 30 2 1224979098644774922 0 30 2 1224979098644774924 45 2136 3 1224979098644774926 0 100 2147483678 2 1224979098644774926 50 1 2 433 1224979098644774915 2133 2 144115188075856040 72057594037927936 30 2 144115188075856040 0 2133 2 144115188075856033 1224979098644774915 2060 1 173 5 0 32 2 1224979098644774923 0 2147483679 2 144115188075856853 1224979098644774915 30 2 1224979098644774920 -40 30 2 1224979098644774922 -20 30 2 1224979098644774924 30 2136 3 1224979098644774926 0 100 2147483678 2 1224979098644774926 20 2133 2 144115188075856033 1224979098644774915 2133 2 144115188075856040 -1 2060 1 172 3 0 3 0 
168.000000  4 6 3 1224979098644774912 194 342 2136 3 1224979098644774913 0 9999 500 3 1224979098644774912 49 1224979098644774913 3 0 
0.100000  39 6 3 1224979098644774912 194 463 540 3 1224979098644774912 2 2 520 3 1224979098644774913 1224979098644774912 10 30 2 1224979098644774913 1 132 1 1224979098644774913 1694 2 1224979098644774914 1224979098644774913 2147483678 2 1224979098644774914 1 1665 2 1224979098644774915 1224979098644774913 33 3 1224979098644774915 21 201 1 3 234 1224979098644774915 1224979098644774913 4 0 30 2 72057594037927936 0 1660 2 1224979098644774913 1224979098644774915 5 0 1640 2 1224979098644774913 0 3 0 4 0 1073742365 3 1224979098644774915 0 3 541 3 1224979098644774915 0 2 2204 2 1224979098644774916 1224979098644774913 2204 2 1224979098644774917 1224979098644774915 31 2 1224979098644774916 1224979098644774917 1651 2 1224979098644774918 1224979098644774913 32 2 1224979098644774918 0 2133 2 144115188075856012 1 1 3 164 1224979098644774915 1224979098644774913 2133 2 144115188075856012 1 1 2 160 1224979098644774913 3 0 3 0 11 1 1224979098644774919 32 2 1224979098644774919 234 1609 2 1224979098644774920 1224979098644774919 30 2 1224979098644774920 54 2281 3 1224979098644774921 0 1224979098644774919 2147483678 2 1224979098644774921 3 1603 3 1224979098644774919 256 0 1603 3 1224979098644774919 16384 1 3 0 
48.000000  9 1 3 452 0 50 6 3 1224979098644774912 21 91 2133 2 1224979098644774913 30 4 0 541 3 1224979098644774912 135 1 2133 2 1224979098644774913 5 3 0 1 3 452 1224979098644774912 1224979098644774913 3 0 
48.000000  42 6 3 1224979098644774912 194 342 540 3 1224979098644774912 2 2 2322 2 1 1224979098644774912 2147484208 3 1224979098644774912 8 0 2147484208 3 1224979098644774912 10 1 2173 2 1224979098644774913 1224979098644774912 4 0 31 2 1224979098644774913 2 5 0 4 0 31 2 144115188075856163 2 2322 2 4 1224979098644774912 1106 1 216172782113786501 3 0 1 3 196 1224979098644774913 1224979098644774912 2133 2 1224979098644774914 72057594037927936 4 0 31 2 144115188075856163 2 2330 2 7 1224979098644774914 2322 2 0 1224979098644774912 1106 1 216172782113786502 3 0 1 3 244 1224979098644774912 1224979098644774914 4 0 31 2 144115188075857078 0 1660 2 144115188075856822 1224979098644774914 3 0 520 3 1224979098644774915 1224979098644774912 10 1 4 258 1224979098644774915 7 1224979098644774914 5 0 2147484190 3 1224979098644774913 21 0 4 0 33 3 1224979098644774912 210 216 500 3 1224979098644774912 55 1 5 0 2136 3 1224979098644774916 0 100 2147483678 2 1224979098644774916 10 1 2 276 1224979098644774913 500 3 1224979098644774912 55 72057594037927936 3 0 3 0 3 0 
24.000000  10 6 3 1224979098644774912 91 201 541 3 1224979098644774912 35 0 521 3 1224979098644774913 1224979098644774912 122 1073741855 2 1224979098644774913 0 2147483780 1 1224979098644774913 2136 3 1224979098644774914 0 100 2147483678 2 1224979098644774914 60 1 2 375 1224979098644774912 501 3 1224979098644774912 122 72057594037927936 3 0 
72.000000  16 1 1 144 6 3 1224979098644774912 21 201 521 3 1224979098644774913 1224979098644774912 51 4 0 32 2 1224979098644774913 1000 2107 2 1224979098644774913 95 2108 2 1224979098644774913 100 2111 2 1224979098644774913 1000 5 0 2147483678 2 1224979098644774913 1000 2107 2 1224979098644774913 105 2108 2 1224979098644774913 100 2110 2 1224979098644774913 1000 3 0 501 3 1224979098644774912 51 1224979098644774913 3 0 
8.000000  66 11 1 1224979098644774912 541 3 1224979098644774912 0 11 131 1 1224979098644774912 2204 2 1224979098644774913 1224979098644774912 522 3 1224979098644774914 1224979098644774913 82 4 0 2147483680 2 1224979098644774914 0 1232 1 1224979098644774912 5 0 1665 2 1224979098644774915 1224979098644774912 2136 3 1224979098644774916 0 100 4 0 541 3 1224979098644774915 7 0 424 1 1224979098644774917 4 0 31 2 1224979098644774917 0 2133 2 1224979098644774918 35 5 0 31 2 1224979098644774917 1 2133 2 1224979098644774918 45 5 0 31 2 1224979098644774917 2 2133 2 1224979098644774918 60 3 0 5 0 2133 2 1224979098644774918 45 3 0 2147483678 2 1224979098644774916 1224979098644774918 2133 2 1224979098644774919 1 4 0 33 3 1224979098644774915 21 91 2147484189 3 1224979098644774915 54 -1 2133 2 1224979098644774919 0 3 0 31 2 1224979098644774919 1 2133 2 1224979098644774920 0 4 0 521 3 1224979098644774921 1224979098644774912 4 31 2 1224979098644774921 13 521 3 1224979098644774922 1224979098644774912 5 31 2 1224979098644774915 1224979098644774922 2133 2 1224979098644774920 1 3 0 2133 2 1224979098644774923 -1 4 0 31 2 144115188075856108 1224979098644774912 2147483778 2 1224979098644774912 144115188075856107 2133 2 1224979098644774923 144115188075856107 5 0 1 3 200 1224979098644774915 1224979098644774913 2133 2 1224979098644774923 72057594037927936 3 0 33 3 1224979098644774923 21 43 2147483778 2 1224979098644774912 1224979098644774923 4 0 31 2 1224979098644774920 1 2330 2 7 1224979098644774915 1 3 149 1224979098644774912 1224979098644774915 3 0 1640 2 1224979098644774912 1 1641 2 1224979098644774912 1224979098644774923 1603 3 1224979098644774912 65536 0 501 3 1224979098644774912 4 13 501 3 1224979098644774912 5 1224979098644774923 3 0 3 0 
8.000000  62 11 1 1224979098644774912 541 3 1224979098644774912 0 15 131 1 1224979098644774912 521 3 1224979098644774913 1224979098644774912 123 1665 2 1224979098644774914 1224979098644774912 2133 2 1224979098644774915 1 4 0 33 3 1224979098644774914 21 91 2147484189 3 1224979098644774914 54 -1 2133 2 1224979098644774915 0 3 0 31 2 1224979098644774915 1 4 0 31 2 1224979098644774914 1224979098644774913 1 4 376 1224979098644774912 1224979098644774913 3 2204 2 1224979098644774916 1224979098644774914 1620 2 1224979098644774912 1224979098644774916 521 3 1224979098644774917 1224979098644774913 121 501 3 1224979098644774912 5 1224979098644774917 501 3 1224979098644774912 4 13 1640 2 1224979098644774912 1 1641 2 1224979098644774912 1224979098644774917 5 0 4 0 521 3 1224979098644774918 1224979098644774912 5 31 2 1224979098644774914 1224979098644774918 1 4 376 1224979098644774912 1224979098644774918 3 2133 2 1224979098644774919 72057594037927936 521 3 1224979098644774920 1224979098644774918 48 521 3 1224979098644774921 1224979098644774918 50 2133 2 1224979098644774922 1224979098644774919 2107 2 1224979098644774922 1224979098644774921 2108 2 1224979098644774922 100 2108 2 1224979098644774922 20 2105 2 1224979098644774920 1224979098644774922 4 0 30 2 144115188075856163 3 2133 2 72057594037927940 1224979098644774922 2330 2 4 1224979098644774918 2133 2 72057594037927941 1224979098644774920 1106 1 1585267068834414715 3 0 501 3 1224979098644774918 48 1224979098644774920 521 3 1224979098644774923 1224979098644774918 53 1 2 249 1224979098644774918 2133 2 1224979098644774924 72057594037927936 2105 2 1224979098644774923 1000 2110 2 1224979098644774923 1224979098644774924 501 3 1224979098644774918 53 1224979098644774923 4 0 2136 3 1224979098644774925 0 100 2147483678 2 1224979098644774925 5 1 3 430 1224979098644774913 1 2105 2 144115188075857009 1 3 0 3 0 501 3 1224979098644774912 5 1224979098644774913 501 3 1224979098644774912 4 13 1640 2 1224979098644774912 1 1641 2 1224979098644774912 1224979098644774913 3 0 3 0 
2.000000  9 6 3 1224979098644774912 43 91 541 3 1224979098644774912 54 -1 521 3 1224979098644774913 1224979098644774912 53 2105 2 1224979098644774913 100 1 2 249 1224979098644774912 2133 2 1224979098644774914 72057594037927936 2110 2 1224979098644774913 1224979098644774914 501 3 1224979098644774912 53 1224979098644774913 3 0 
0.500000  53 6 3 1224979098644774912 194 463 540 3 1224979098644774912 2 2 520 3 1224979098644774913 1224979098644774912 10 32 2 1224979098644774913 0 4 0 132 1 1224979098644774913 4 0 2293 2 1224979098644774914 1224979098644774913 31 2 1224979098644774914 5 2133 2 1224979098644774915 1 4 0 1073742364 3 1224979098644774912 52 7 540 3 1224979098644774912 52 1 2294 2 1224979098644774916 1224979098644774913 132 1 1224979098644774916 1680 2 1224979098644774917 1224979098644774916 132 1 1224979098644774917 2133 2 1224979098644774915 0 3 0 31 2 1224979098644774915 1 2204 2 1224979098644774918 1224979098644774913 521 3 1224979098644774919 1224979098644774913 30 522 3 1224979098644774920 1224979098644774918 8 2147483679 2 1224979098644774920 1224979098644774912 2133 2 1224979098644774915 1 4 0 30 2 1224979098644774920 0 520 3 1224979098644774921 1224979098644774920 10 132 2 1224979098644774921 0 31 2 1224979098644774919 1224979098644774921 2133 2 1224979098644774915 0 3 0 31 2 1224979098644774915 1 2133 2 1224979098644774922 0 6 3 1224979098644774923 21 91 31 2 1224979098644774922 0 541 3 1224979098644774923 54 -1 2204 2 1224979098644774924 1224979098644774923 2190 3 1224979098644774925 1224979098644774924 1224979098644774918 32 2 1224979098644774925 0 2281 3 1224979098644774926 1224979098644774913 1224979098644774923 2147483678 2 1224979098644774926 20 1625 2 1 1224979098644774913 1625 2 2 1224979098644774923 2147484362 2 2 1 1 4 258 1224979098644774913 14 1224979098644774923 2133 2 1224979098644774922 1 3 0 3 0 5 0 500 3 1224979098644774912 10 -1 3 0 3 0 
0.500000  44 2270 1 1224979098644774912 2119 3 1224979098644774913 1224979098644774912 11 2121 3 1224979098644774914 1224979098644774912 5 1601 2 1224979098644774915 0 1602 2 1224979098644774916 0 2105 2 1224979098644774915 1224979098644774916 2130 1 1224979098644774915 2125 2 1224979098644774917 1224979098644774915 2131 1 1224979098644774917 4 0 31 2 1224979098644774913 0 6 3 1224979098644774918 14 21 522 3 1224979098644774919 1224979098644774918 30 2106 2 1224979098644774919 1 2111 2 1224979098644774919 0 502 3 1224979098644774918 30 1224979098644774919 3 0 3 0 31 2 144115188075856283 0 6 3 1224979098644774920 21 201 2204 2 1224979098644774918 1224979098644774920 2190 3 1224979098644774921 1224979098644774918 14 2147483678 2 1224979098644774921 0 2281 3 1224979098644774922 0 1224979098644774920 2147483678 2 1224979098644774922 5 2122 3 1224979098644774923 1224979098644774922 1224979098644774922 2121 3 1224979098644774924 20 1224979098644774923 2121 3 1224979098644774925 20 1224979098644774921 2122 3 1224979098644774926 1224979098644774924 1224979098644774925 2107 2 1224979098644774926 1224979098644774917 2123 3 1224979098644774927 1224979098644774926 10 2136 3 1224979098644774928 0 1000 2147483678 2 1224979098644774928 1224979098644774927 522 3 1224979098644774919 1224979098644774918 30 2105 2 1224979098644774919 1 2110 2 1224979098644774919 100 502 3 1224979098644774918 30 1224979098644774919 4 0 2147484209 3 1224979098644774920 42 1224979098644774914 2342 2 1 1224979098644774920 1106 1 1585267068834415169 501 3 1224979098644774920 42 1224979098644774912 3 0 3 0 
14.000000  48 31 2 144115188075856283 0 1650 2 1224979098644774912 0 2133 2 1224979098644774913 0 6 3 1224979098644774914 0 1224979098644774912 1653 3 1224979098644774915 0 1224979098644774914 2105 2 1224979098644774913 1224979098644774915 3 0 2108 2 1224979098644774913 3 4 0 31 2 1224979098644774913 0 2105 2 1224979098644774913 1 3 0 4 0 2133 2 1224979098644774916 0 6 3 1224979098644774917 110 125 1 3 280 1224979098644774917 41 2105 2 1224979098644774916 1 3 0 4 0 30 2 1224979098644774916 6 372 1 36 3 0 3 0 2133 2 1224979098644774918 1224979098644774913 2133 2 1224979098644774919 0 6 3 1224979098644774920 0 1224979098644774918 2133 2 1224979098644774921 0 6 3 1224979098644774922 110 125 507 3 1224979098644774922 0 0 1 3 280 1224979098644774922 41 2105 2 1224979098644774921 1 3 0 4 0 32 2 1224979098644774921 0 2136 3 1224979098644774923 0 1224979098644774921 1 2 372 1224979098644774923 5 0 31 2 1224979098644774919 0 1106 2 1585267068834415170 16711680 1 2 279 -3 2133 2 1224979098644774919 1 4 0 1 2 184 0 32 2 72057594037927936 0 1 3 436 2 216172782113784230 3 0 3 0 3 0 
24.000000  17 1540 2 1224979098644774912 0 6 3 1224979098644774913 0 1224979098644774912 1541 3 1224979098644774914 0 1224979098644774913 1073741855 2 1224979098644774914 120 1073741855 2 1224979098644774914 122 31 2 1224979098644774914 123 1542 3 1224979098644774915 0 1224979098644774913 4 0 30 2 1224979098644774915 37 2147483678 2 1224979098644774915 41 2105 2 1224979098644774915 1 1544 3 0 1224979098644774913 1224979098644774915 5 0 2147483678 2 1224979098644774915 37 1544 3 0 1224979098644774913 37 3 0 3 0 
72.000000  0 
0.000000  20 1541 3 1224979098644774912 0 8 2133 2 1224979098644774913 -1 4 0 31 2 144115188075856181 0 4 0 30 2 1224979098644774912 0 2133 2 1224979098644774913 1 5 0 2133 2 1224979098644774913 0 3 0 5 0 31 2 144115188075856181 1 2133 2 1224979098644774913 27 5 0 31 2 144115188075856181 2 2133 2 1224979098644774913 28 3 0 2147483679 2 1224979098644774913 144115188075856756 2133 2 144115188075856756 1224979098644774913 1676 2 0 1224979098644774913 
2.000000  14 2149 2 1224979098644774912 0 2123 3 1224979098644774913 1224979098644774912 100 1540 2 1224979098644774914 0 6 3 1224979098644774915 0 1224979098644774914 1541 3 1224979098644774916 0 1224979098644774915 30 2 1224979098644774916 0 4 0 33 3 1224979098644774916 91 125 2230 2 1224979098644774917 1224979098644774916 2105 2 1224979098644774912 1224979098644774917 3 0 3 0 2112 3 1224979098644774913 0 100 1645 2 0 1224979098644774913 
3.000000  6 6 3 1224979098644774912 21 91 542 3 14 21 2 2204 2 1224979098644774913 1224979098644774912 31 2 1224979098644774913 14 1 2 380 0 3 0 
6.000000  30 32 2 144115188075856185 0 32 2 144115188075856186 0 32 2 144115188075856187 0 2273 0 4 0 2170 3 1224979098644774912 1 0 2107 2 1224979098644774912 5 2121 3 1224979098644774913 66 1224979098644774912 32 2 1224979098644774913 0 2133 2 1224979098644774914 0 6 3 1224979098644774915 0 144115188075856186 2136 3 1224979098644774916 0 100 2147483678 2 1224979098644774916 1224979098644774913 2105 2 1224979098644774914 1 3 0 1615 3 0 144115188075856185 1224979098644774914 2133 2 1224979098644774914 72057594037927936 32 2 1224979098644774914 0 4 0 32 2 1224979098644774914 1 2133 2 72057594037927938 1 5 0 2133 2 72057594037927938 0 3 0 2133 2 72057594037927937 1224979098644774914 2324 3 1 144115188075856185 1224979098644774914 1105 1 1585267068834415171 3 0 2133 2 144115188075856185 0 2133 2 144115188075856186 0 
24.000000  10 2147483679 2 144115188075856046 1 1 2 444 0 31 2 72057594037927936 0 2133 2 1224979098644774912 91 6 3 1224979098644774913 21 1224979098644774912 541 3 1224979098644774913 7 0 1 2 444 1224979098644774913 31 2 72057594037927936 1 2133 2 1224979098644774912 0 3 0 
72.000000  28 2133 2 144115188075856046 0 6 3 1224979098644774912 21 91 521 3 1224979098644774913 1224979098644774912 7 32 2 1224979098644774913 0 1651 2 1224979098644774914 1224979098644774912 7 3 1224979098644774915 0 1224979098644774914 1656 3 1224979098644774916 1224979098644774912 1224979098644774915 1507 1 1224979098644774916 540 3 1224979098644774916 2 2 2136 3 1224979098644774917 0 100 4 0 2147483680 2 1224979098644774917 10 1 2 443 1224979098644774916 2133 2 1224979098644774918 72057594037927936 520 3 1224979098644774919 1224979098644774913 11 2105 2 1224979098644774919 1224979098644774918 500 3 1224979098644774913 11 1224979098644774919 1616 3 1224979098644774912 1224979098644774916 1 1 2 488 1224979098644774916 2173 2 1224979098644774920 1224979098644774913 2173 2 1224979098644774921 1224979098644774916 2322 2 1 1224979098644774916 2335 2 2 1224979098644774920 2335 2 3 1224979098644774921 1105 1 1585267068834415172 3 0 3 0 3 0 
72.000000  10 1 1 390 1 1 394 1 1 395 1 1 398 1 1 397 1 1 396 6 3 1224979098644774912 91 201 1 2 391 1224979098644774912 1 2 392 1224979098644774912 3 0 
24.000000  1 1 1 399 
36.000000  13 6 3 1224979098644774912 21 201 1073742365 3 1224979098644774912 0 3 541 3 1224979098644774912 0 4 1 3 346 1224979098644774912 1 1 3 346 1224979098644774912 2 2136 3 1224979098644774913 0 100 4 0 2147483678 2 1224979098644774913 70 2147484209 3 1224979098644774912 50 60 1 2 345 1224979098644774912 1 4 344 1224979098644774912 72057594037927936 1 3 0 3 0 
12.000000  20 6 3 1224979098644774912 21 201 521 3 1224979098644774913 1224979098644774912 124 32 2 1224979098644774913 0 521 3 1224979098644774914 1224979098644774912 125 2270 1 1224979098644774915 30 2 1224979098644774915 1224979098644774914 501 3 1224979098644774912 1224979098644774913 1 501 3 1224979098644774912 124 0 1 2 424 1224979098644774913 4 0 541 3 1224979098644774912 7 0 2330 2 4 1224979098644774912 1105 1 1585267068834415173 3 0 4 0 33 3 1224979098644774912 91 201 31 2 1224979098644774913 131 1 3 430 1224979098644774912 5 3 0 3 0 
24.000000  102 2133 2 1224979098644774912 0 6 3 1224979098644774913 21 43 521 3 1224979098644774914 1224979098644774913 156 4 0 31 2 1224979098644774914 1 1 3 453 1224979098644774913 0 1 1 459 1 1 454 2121 3 1224979098644774915 72057594037927936 1 1 2 460 1224979098644774915 1 1 459 520 3 1224979098644774916 6 0 4 0 33 3 1224979098644774916 194 342 2341 2 1 1224979098644774916 2342 2 2 1224979098644774913 1106 1 1585267068834415174 1 3 270 1224979098644774916 20 3 0 3 0 2106 2 1224979098644774914 1 2111 2 1224979098644774914 0 501 3 1224979098644774913 156 1224979098644774914 4 0 32 2 1224979098644774914 0 2105 2 1224979098644774912 1 3 0 3 0 6 3 1224979098644774913 21 201 1073742365 3 1224979098644774913 0 3 541 3 1224979098644774913 0 4 521 3 1224979098644774917 1224979098644774913 155 4 0 2147483680 2 1224979098644774917 0 2133 2 1224979098644774918 0 4 0 200 1 35 546 3 35 1 1224979098644774913 2147483850 1 35 2133 2 1224979098644774918 1 5 0 2136 3 1224979098644774919 0 100 2147483678 2 1224979098644774919 3 2133 2 1224979098644774918 1 3 0 4 0 31 2 1224979098644774918 1 2136 3 1224979098644774919 0 3 4 0 31 2 1224979098644774919 0 2133 2 1224979098644774920 114 5 0 31 2 1224979098644774919 1 2133 2 1224979098644774920 116 5 0 2133 2 1224979098644774920 117 3 0 501 3 1224979098644774913 155 1224979098644774920 4 0 31 2 144115188075856163 1 2330 2 1 1224979098644774913 1106 1 1585267068834415175 3 0 3 0 5 0 4 0 2133 2 1224979098644774921 40 4 0 541 3 1224979098644774913 0 3 2133 2 1224979098644774921 20 3 0 2136 3 1224979098644774919 0 100 2147483678 2 1224979098644774919 1224979098644774921 501 3 1224979098644774913 155 0 4 0 31 2 144115188075856163 1 2330 2 1 1224979098644774913 1106 1 1585267068834415176 3 0 3 0 3 0 3 0 6 3 1224979098644774922 14 21 542 3 1224979098644774922 4 6 522 3 1224979098644774923 1224979098644774922 5 33 3 1224979098644774923 21 43 561 3 1224979098644774923 156 1 501 3 1224979098644774923 156 2 3 0 4 0 2147483678 2 1224979098644774912 3 2136 3 1224979098644774919 0 100 2147483678 2 1224979098644774919 30 2136 3 1224979098644774924 21 43 2136 3 1224979098644774925 12 15 501 3 1224979098644774924 156 1224979098644774925 4 0 31 2 144115188075856163 1 2330 2 1 1224979098644774924 1106 1 1585267068834415177 3 0 3 0 
3.000000  1 2133 2 144115188075856094 0 
8.000000  0 
1.000000  21 2147483685 0 2273 0 33 3 144115188075856245 21 201 2147484189 3 144115188075856245 7 0 2204 2 1224979098644774912 144115188075856245 2147483679 2 1224979098644774912 14 2270 1 1224979098644774913 30 2 1224979098644774913 144115188075856264 2120 3 144115188075856264 1224979098644774913 24 2149 2 1224979098644774914 0 1601 2 1224979098644774915 0 2123 3 1224979098644774916 1224979098644774915 4 2105 2 1224979098644774916 1 4 0 30 2 1224979098644774914 1224979098644774916 1106 1 1585267068834415178 1529 2 0 1224979098644774916 5 0 32 2 1224979098644774914 0 1529 2 0 1224979098644774914 3 0 
36.000000  1 1 1 420 
24.000000  1 1 1 138 
24.000000  72 2133 2 1224979098644774912 0 6 3 1224979098644774913 14 21 502 3 1224979098644774913 20 0 3 0 11 1 1224979098644774914 2204 2 1224979098644774915 1224979098644774914 33 3 1224979098644774915 14 21 1073741857 3 1224979098644774914 21 201 541 3 1224979098644774914 0 13 522 3 1224979098644774916 1224979098644774915 20 2105 2 1224979098644774916 1 502 3 1224979098644774915 20 1224979098644774916 3 0 6 3 1224979098644774913 14 21 542 3 1224979098644774913 21 0 2105 2 1224979098644774912 1 542 3 1224979098644774913 20 0 2133 2 1224979098644774917 0 4 0 31 2 1224979098644774913 14 4 0 2147483680 2 144115188075856013 0 502 3 1224979098644774913 21 2 2133 2 1224979098644774917 1 3 0 5 0 2147483679 2 144115188075856287 1224979098644774913 502 3 1224979098644774913 21 1 11 1 1224979098644774914 2204 2 1224979098644774915 1224979098644774914 31 2 1224979098644774915 1224979098644774913 521 3 1224979098644774918 1224979098644774914 123 2204 2 1224979098644774919 1224979098644774918 1620 2 1224979098644774914 1224979098644774919 3 0 2133 2 1224979098644774920 -1 6 3 1224979098644774921 336 342 540 3 1224979098644774921 14 1224979098644774913 2133 2 1224979098644774920 1224979098644774921 3 0 4 0 33 3 1224979098644774920 336 342 2147483679 2 1224979098644774920 144115188075856013 500 3 1224979098644774920 12 0 3 0 2133 2 1224979098644774917 1 4 0 31 2 144115188075856853 1224979098644774913 2133 2 144115188075856853 0 2133 2 144115188075856064 0 2133 2 144115188075856854 0 1 4 292 193 1224979098644774913 0 3 0 1 4 292 199 1224979098644774913 0 3 0 4 0 31 2 1224979098644774917 1 2106 2 1224979098644774912 1 3 0 6 3 1224979098644774922 14 21 1 2 400 1224979098644774922 3 0 3 0 4 0 31 2 1224979098644774912 1 31 2 144115188075857066 0 2133 2 144115188075857066 1 6 3 1224979098644774913 14 21 542 3 1224979098644774913 21 0 1 4 292 192 1224979098644774913 0 3 0 3 0 
3.000000  61 4 0 33 3 144115188075856285 21 201 2204 2 1224979098644774912 144115188075856285 2147483679 2 1224979098644774912 14 1 4 292 185 0 0 5 0 2147483678 2 144115188075856285 21 1073742366 3 14 11 0 32 2 144115188075856021 0 2133 2 1224979098644774913 0 6 3 1224979098644774914 21 91 31 2 1224979098644774913 0 2204 2 1224979098644774912 1224979098644774914 31 2 1224979098644774912 14 2133 2 1224979098644774913 1224979098644774914 3 0 30 2 1224979098644774913 1 1 4 292 185 0 0 3 0 11 1 1224979098644774915 32 2 1224979098644774915 234 1609 2 1224979098644774916 1224979098644774915 33 3 1224979098644774916 8 14 524 3 1224979098644774917 1224979098644774916 4 4 0 32 2 1224979098644774917 234 2281 3 1224979098644774918 1224979098644774915 1224979098644774917 32 2 1224979098644774918 30 1640 2 1224979098644774915 6 1625 2 5 1224979098644774917 1642 2 1224979098644774915 5 5 0 2290 2 1224979098644774919 1224979098644774915 31 2 1224979098644774919 6 4 0 32 2 1224979098644774917 234 2281 3 1224979098644774918 1224979098644774915 1224979098644774917 2147483678 2 1224979098644774918 3 1640 2 1224979098644774915 3 524 3 1224979098644774920 1224979098644774916 5 1641 2 1224979098644774915 1224979098644774920 1643 2 1224979098644774915 45 5 0 2147483678 2 1224979098644774917 234 1640 2 1224979098644774915 3 524 3 1224979098644774920 1224979098644774916 5 1641 2 1224979098644774915 1224979098644774920 1643 2 1224979098644774915 45 3 0 3 0 3 0 4 0 520 3 1224979098644774921 0 34 32 2 1224979098644774921 0 2147483848 1 43 2147483848 1 44 2322 2 5 1224979098644774921 1106 1 1585267068834415179 500 3 0 34 -1 500 3 1224979098644774921 34 -1 3 0 
168.000000  4 520 3 1224979098644774912 0 7 2123 3 1224979098644774913 1224979098644774912 200 2106 2 1224979098644774912 1224979098644774913 500 3 0 7 1224979098644774912 
1.000000  50 2147483685 0 32 2 144115188075856179 0 150 1 144115188075856179 2172 3 1224979098644774912 0 2 527 3 1224979098644774913 144115188075856179 4 2147483680 2 1224979098644774913 1224979098644774912 527 3 1224979098644774914 144115188075856179 2 527 3 1224979098644774915 144115188075856179 3 31 2 1224979098644774915 0 2105 2 1224979098644774914 7 507 3 144115188075856179 2 1224979098644774914 30 2 1224979098644774914 1000 507 3 144115188075856179 3 1 2325 2 1 144115188075856179 2319 1 2 4 0 31 2 144115188075856179 81 1521 3 0 15 1 2320 2 2 1585267068834415180 5 0 31 2 144115188075856179 82 1521 3 0 7 1 2320 2 2 1585267068834415181 5 0 31 2 144115188075856179 83 1521 3 0 1 1 2320 2 2 1585267068834415182 5 0 31 2 144115188075856179 84 1520 3 0 2 1 2320 2 2 1585267068834415183 5 0 31 2 144115188075856179 85 1521 3 0 0 1 2320 2 2 1585267068834415184 5 0 31 2 144115188075856179 86 1521 3 0 27 1 2320 2 2 1585267068834415185 5 0 31 2 144115188075856179 87 1521 3 0 8 1 2320 2 2 1585267068834415186 3 0 372 1 37 4 0 31 2 144115188075856183 0 1120 2 1585267068834415187 1585267068834415188 3 0 2133 2 144115188075856179 0 
12.000000  18 11 1 1224979098644774912 541 3 1224979098644774912 0 17 2281 3 1224979098644774913 1224979098644774912 0 4 0 32 2 1224979098644774913 30 1232 1 1224979098644774912 4 0 200 1 28 2147483852 1 28 546 3 28 8 1224979098644774912 1 2 385 28 3 0 5 0 32 2 1224979098644774913 10 501 3 1224979098644774912 7 0 1640 2 1224979098644774912 0 3 0 3 0 
720.000000  8 6 3 1224979098644774912 91 201 541 3 1224979098644774912 7 0 541 3 1224979098644774912 133 1 521 3 1224979098644774913 1224979098644774912 26 2105 2 1224979098644774913 1 2110 2 1224979098644774913 100 501 3 1224979098644774912 26 1224979098644774913 3 0 
24.000000  24 6 3 1224979098644774912 0 90 4 0 200 1 1224979098644774912 4 0 2147483852 1 1224979098644774912 566 3 1224979098644774912 23 1 526 3 1224979098644774913 1224979098644774912 23 2106 2 1224979098644774913 1 4 0 31 2 1224979098644774913 0 1 3 316 1224979098644774912 1 5 0 506 3 1224979098644774912 23 1224979098644774913 2133 2 72057594037927936 1224979098644774913 1113 4 1224979098644774912 7 1585267068834414827 0 3 0 3 0 5 0 566 3 1224979098644774912 25 1 526 3 1224979098644774914 1224979098644774912 25 2106 2 1224979098644774914 1 506 3 1224979098644774912 25 1224979098644774914 3 0 3 0 
2.000000  79 31 2 144115188075856183 0 33 3 144115188075856287 14 21 31 2 144115188075856283 0 4 0 200 1 18 542 3 144115188075856287 8 -1 1 3 316 18 0 3 0 522 3 1224979098644774912 144115188075856287 5 2147484190 3 144115188075856287 4 0 2147484190 3 144115188075856287 4 6 2133 2 1224979098644774913 1 4 0 1073742366 3 144115188075856287 4 5 1073742366 3 144115188075856287 4 2 542 3 144115188075856287 4 3 2147483681 3 1224979098644774912 21 91 2133 2 1224979098644774913 0 3 0 31 2 1224979098644774913 1 2133 2 1224979098644774914 0 6 3 1224979098644774915 14 21 2147483679 2 1224979098644774915 144115188075856287 2190 3 1224979098644774916 1224979098644774915 144115188075856287 2147483678 2 1224979098644774916 0 2133 2 1224979098644774914 1 3 0 31 2 1224979098644774914 1 2147483848 1 18 2147483848 1 17 2147484214 3 18 25 1 522 3 1224979098644774917 144115188075856287 8 32 2 1224979098644774917 0 520 3 1224979098644774918 1224979098644774917 10 32 2 1224979098644774918 0 132 1 1224979098644774918 2281 3 1224979098644774919 1224979098644774918 0 2147483680 2 1224979098644774919 96 2133 2 1224979098644774920 1 6 3 1224979098644774921 0 17 200 1 1224979098644774921 546 3 1224979098644774921 6 1224979098644774917 2133 2 1224979098644774920 0 3 0 31 2 1224979098644774920 1 6 3 1224979098644774921 59 60 200 1 1224979098644774921 546 3 1224979098644774921 6 1224979098644774917 2133 2 1224979098644774920 0 3 0 31 2 1224979098644774920 1 6 3 1224979098644774921 19 23 200 1 1224979098644774921 2133 2 1224979098644774920 0 3 0 31 2 1224979098644774920 1 2171 2 1224979098644774922 0 30 2 1224979098644774922 8 2133 2 1224979098644774923 2 6 3 1224979098644774924 21 201 541 3 1224979098644774924 7 0 4 0 541 3 1224979098644774924 0 3 2105 2 1224979098644774923 3 5 0 541 3 1224979098644774924 0 2 2105 2 1224979098644774923 1 5 0 2105 2 1224979098644774923 1 3 0 3 0 2107 2 1224979098644774923 4 2110 2 1224979098644774923 60 506 3 18 6 1224979098644774917 506 3 18 2 1224979098644774917 506 3 18 10 1224979098644774923 506 3 18 23 4 506 3 18 24 22 2060 1 168 
3.000000  129 2133 2 144115188075856884 -1 200 2 17 1 33 3 144115188075856287 14 21 2147484190 3 144115188075856287 4 0 522 3 1224979098644774912 144115188075856287 8 2147483679 2 1224979098644774912 0 32 2 1224979098644774912 0 520 3 1224979098644774913 1224979098644774912 10 32 2 1224979098644774913 0 132 1 1224979098644774913 2281 3 1224979098644774914 1224979098644774913 0 4 0 2147483678 2 1224979098644774914 15 2133 2 144115188075856044 0 2270 1 1224979098644774915 522 3 1224979098644774916 144115188075856287 95 2121 3 1224979098644774917 1224979098644774915 1224979098644774916 2133 2 1224979098644774918 -1 4 0 2136 3 1224979098644774919 0 100 2147483678 2 1224979098644774919 30 540 3 1224979098644774912 20 0 6 3 1224979098644774920 0 20 31 2 1224979098644774918 -1 2136 3 1224979098644774921 19 23 2147484214 3 1224979098644774921 25 1 4 0 31 2 1224979098644774921 19 4 0 542 3 144115188075856287 4 2 32 2 1224979098644774917 120 2136 3 1224979098644774922 5 10 2133 2 1224979098644774918 19 506 3 1224979098644774918 10 1224979098644774922 506 3 1224979098644774918 23 10 506 3 1224979098644774918 24 30 3 0 5 0 31 2 1224979098644774921 20 31 2 1 0 4 0 542 3 144115188075856287 4 2 522 3 1224979098644774923 144115188075856287 5 33 3 1224979098644774923 21 91 1680 2 1224979098644774924 1224979098644774913 31 2 1224979098644774924 1224979098644774923 2133 2 1224979098644774918 1224979098644774921 506 3 1224979098644774918 1 1224979098644774923 506 3 1224979098644774918 23 2 506 3 1224979098644774918 24 15 3 0 5 0 31 2 1224979098644774921 22 4 0 2133 2 1224979098644774925 100 2133 2 144115188075856885 -1 2133 2 144115188075856886 -1 2133 2 144115188075856887 -1 2133 2 1224979098644774926 0 6 3 1224979098644774920 0 1224979098644774925 4 0 2147483678 2 144115188075856885 0 1 3 206 1224979098644774913 50 2133 2 144115188075856885 72057594037927936 3 0 4 0 2147483678 2 144115188075856886 0 1 3 206 1224979098644774913 50 2147483679 2 144115188075856885 72057594037927936 2133 2 144115188075856886 72057594037927936 3 0 4 0 2147483678 2 144115188075856887 0 1 3 206 1224979098644774913 50 2147483679 2 144115188075856885 72057594037927936 2147483679 2 144115188075856886 72057594037927936 2133 2 144115188075856887 72057594037927936 3 0 2147483679 2 144115188075856885 144115188075856886 2147483679 2 144115188075856885 144115188075856886 2147483679 2 144115188075856886 144115188075856887 30 2 144115188075856885 0 30 2 144115188075856886 0 30 2 144115188075856887 0 2133 2 1224979098644774925 0 2133 2 1224979098644774926 1 3 0 31 2 1224979098644774926 1 2133 2 144115188075856888 0 2133 2 144115188075856889 0 2133 2 144115188075856890 0 2133 2 1224979098644774918 22 506 3 1224979098644774918 23 7 506 3 1224979098644774918 24 25 3 0 3 0 3 0 4 0 2147483679 2 1224979098644774918 -1 506 3 1224979098644774918 11 0 506 3 1224979098644774918 6 1224979098644774912 4 0 31 2 1224979098644774918 20 2060 1 170 5 0 2133 2 144115188075856884 1224979098644774918 506 3 144115188075856884 6 1224979098644774912 2060 1 169 3 0 3 0 3 0 5 0 2105 2 144115188075856044 1 4 0 2147483678 2 144115188075856044 15 4 0 2119 3 1224979098644774927 144115188075856044 3 31 2 1224979098644774927 0 2341 2 1 1224979098644774912 4 0 2147483678 2 144115188075856044 8 5 0 1106 1 216172782113787076 3 0 3 0 5 0 2060 1 171 3 0 3 0 
0.500000  8 200 1 28 2147483852 1 28 526 3 1224979098644774912 28 8 526 3 1224979098644774913 28 1 2281 3 1224979098644774914 1224979098644774912 1224979098644774913 2147483678 2 1224979098644774914 3 1232 1 1224979098644774912 1 2 384 28 
2.000000  14 6 3 1224979098644774912 194 342 540 3 1224979098644774912 2 2 520 3 1224979098644774913 1224979098644774912 10 30 2 1224979098644774913 1 132 1 1224979098644774913 541 3 1224979098644774913 31 1 2270 1 1224979098644774914 2147484209 3 1224979098644774913 32 1224979098644774914 501 3 1224979098644774913 30 -1 501 3 1224979098644774913 31 0 2133 2 1224979098644774915 200 2120 3 1224979098644774916 1224979098644774914 1224979098644774915 501 3 1224979098644774913 33 1224979098644774916 3 0 
0.500000  34 4 0 200 1 37 2147483850 1 37 526 3 1224979098644774912 37 1 526 3 1224979098644774913 37 10 526 3 1224979098644774914 37 11 2121 3 1224979098644774915 1224979098644774913 1224979098644774914 1 3 472 1224979098644774912 1224979098644774915 2105 2 1224979098644774914 72057594037927936 506 3 37 11 1224979098644774914 2147483680 2 1224979098644774913 1224979098644774914 1 2 384 37 3 0 4 0 200 1 19 2147483850 1 19 526 3 1224979098644774916 19 6 520 3 1224979098644774917 1224979098644774916 10 4 0 32 2 1224979098644774917 0 526 3 1224979098644774913 19 10 526 3 1224979098644774914 19 11 2121 3 1224979098644774915 1224979098644774913 1224979098644774914 1 3 472 1224979098644774917 1224979098644774915 2105 2 1224979098644774914 72057594037927936 506 3 19 11 1224979098644774914 4 0 2147483680 2 1224979098644774913 1224979098644774914 1 2 384 19 3 0 5 0 1 3 316 19 0 3 0 3 0 
1.000000  14 2147483685 0 200 1 38 2147483852 1 38 31 2 144115188075856238 1 2105 2 144115188075856891 1 1 2 422 17 2133 2 1224979098644774912 72057594037927936 2121 3 1224979098644774913 20 1224979098644774912 2107 2 1224979098644774913 3 2108 2 1224979098644774913 5 30 2 144115188075856891 1224979098644774913 2133 2 144115188075856891 0 1030 3 0 0 0 2060 1 126 
1.000000  30 200 1 22 2147483850 1 22 4 0 31 2 144115188075856888 0 2281 3 1224979098644774912 144115188075856885 0 2147483680 2 1224979098644774912 3 2133 2 144115188075856888 1 2342 2 1 144115188075856885 1106 1 1585267068834415189 3 0 4 0 31 2 144115188075856889 0 2281 3 1224979098644774912 144115188075856886 0 2147483680 2 1224979098644774912 3 2133 2 144115188075856889 1 2342 2 1 144115188075856886 1106 1 1585267068834415189 3 0 4 0 31 2 144115188075856890 0 2281 3 1224979098644774912 144115188075856887 0 2147483680 2 1224979098644774912 3 2133 2 144115188075856890 1 2342 2 1 144115188075856887 1106 1 1585267068834415189 3 0 31 2 144115188075856888 1 31 2 144115188075856889 1 31 2 144115188075856890 1 1 2 384 22 
3.000000  7 2147483685 0 200 1 7 546 3 7 11 0 506 3 7 11 1 1030 3 0 0 0 2133 2 144115188075856088 144115188075856082 2133 2 144115188075856248 205 
1.000000  55 2147483685 0 200 1 5 31 2 144115188075856283 0 31 2 144115188075856237 1 526 3 1224979098644774912 5 11 1073741855 2 1224979098644774912 1 1073741855 2 1224979098644774912 2 31 2 1224979098644774912 3 526 3 1224979098644774913 5 10 2106 2 1224979098644774913 1 506 3 5 10 1224979098644774913 1 2 422 0 4 0 2147483678 2 1224979098644774913 0 2133 2 1224979098644774912 4 506 3 5 11 4 1030 3 0 0 0 2060 1 120 5 0 2133 2 1224979098644774914 144115188075856268 521 3 1224979098644774915 144115188075856273 50 2120 3 1224979098644774916 30 1224979098644774915 2107 2 1224979098644774914 1224979098644774916 2108 2 1224979098644774914 80 4 0 31 2 144115188075856271 1 2108 2 1224979098644774914 2 3 0 2111 2 1224979098644774914 2 2136 3 1224979098644774917 1 1224979098644774914 526 3 1224979098644774918 5 22 2105 2 1224979098644774918 1224979098644774917 506 3 5 22 1224979098644774918 1 3 434 0 1224979098644774917 3 0 4 0 31 2 1224979098644774912 1 2106 2 144115188075856269 1 2147483680 2 144115188075856269 0 506 3 5 11 2 2060 1 123 5 0 31 2 1224979098644774912 2 2106 2 144115188075856270 1 2147483680 2 144115188075856270 0 31 2 144115188075856271 0 506 3 5 11 3 2123 3 1224979098644774919 10000 144115188075856267 2105 2 1224979098644774919 30 2136 3 1224979098644774920 0 1000 4 0 2147483678 2 1224979098644774920 1224979098644774919 2060 1 124 3 0 3 0 
72.000000  9 32 2 144115188075856139 0 32 2 144115188075856140 0 4 0 2190 3 1224979098644774912 144115188075856139 144115188075856140 2147483678 2 1224979098644774912 0 1 4 288 144115188075856139 144115188075856140 1 3 0 2133 2 144115188075856139 0 2133 2 144115188075856140 0 
1.000000  107 2320 2 51 216172782113786503 4 0 32 2 144115188075855986 0 31 2 144115188075856183 0 4 0 2147483758 1 144115188075855986 2147483679 2 144115188075856283 1 2320 2 51 216172782113786508 2133 2 144115188075856862 150 1025 2 144115188075855986 -1 5 0 500 3 144115188075855986 151 8 2133 2 144115188075855986 0 3 0 5 0 32 2 144115188075855984 0 31 2 144115188075856183 0 4 0 110 1 144115188075855984 2147483679 2 144115188075856283 1 2320 2 51 216172782113786504 1025 2 144115188075855984 -1 5 0 2133 2 144115188075855984 0 3 0 5 0 32 2 144115188075856025 0 31 2 144115188075856183 0 31 2 144115188075856758 0 4 0 110 1 144115188075856025 2147483679 2 144115188075856283 1 2320 2 51 216172782113786505 2133 2 144115188075856862 61 1025 2 144115188075856025 -1 5 0 2133 2 144115188075856025 0 3 0 5 0 32 2 144115188075855982 0 31 2 144115188075856183 0 31 2 144115188075856758 0 520 3 1224979098644774912 144115188075855982 71 4 0 110 1 144115188075855982 110 1 1224979098644774912 2147483679 2 144115188075856283 1 2133 2 144115188075856862 72 2320 2 51 216172782113786506 1025 2 144115188075855982 -1 5 0 2133 2 144115188075855982 0 3 0 5 0 32 2 144115188075855985 0 31 2 144115188075856183 0 31 2 144115188075856758 0 4 0 110 1 144115188075855985 2147483679 2 144115188075856283 1 2320 2 51 216172782113786507 2133 2 144115188075856862 145 1025 2 144115188075855985 -1 5 0 2133 2 144115188075855985 0 3 0 5 0 31 2 144115188075856029 0 31 2 144115188075856183 0 32 2 144115188075856028 0 4 0 110 1 144115188075856028 2147483679 2 144115188075856283 1 2133 2 144115188075856862 139 1025 2 144115188075856028 -1 5 0 2133 2 144115188075856028 0 3 0 5 0 31 2 144115188075856030 0 31 2 144115188075856183 0 6 3 1224979098644774913 194 210 110 1 1224979098644774913 540 3 1224979098644774913 78 0 520 3 1224979098644774914 1224979098644774913 60 32 2 1224979098644774914 0 2281 3 1224979098644774915 1224979098644774914 0 2147483678 2 1224979098644774915 7 2133 2 144115188075856862 60 2320 2 51 216172782113786510 1025 2 1224979098644774913 -1 3 0 3 0 4 0 200 1 46 33 3 144115188075856013 336 342 2147483758 1 144115188075856013 2147484188 3 144115188075856013 2 2 1610 3 0 144115188075856013 1 3 0 4 0 200 1 46 33 3 144115188075856013 336 342 110 1 144115188075856013 2147484190 3 14 8 0 1 3 503 14 0 3 0 
4.000000  56 6 3 1224979098644774912 194 342 560 3 1224979098644774912 55 1 2173 2 1224979098644774913 1224979098644774912 520 3 1224979098644774914 1224979098644774912 55 520 3 1224979098644774915 1224979098644774912 10 2133 2 1224979098644774916 0 4 0 2147483680 2 1224979098644774915 0 2147484208 3 1224979098644774912 8 0 2133 2 1224979098644774916 1 5 0 32 2 1224979098644774915 0 1694 2 1224979098644774917 1224979098644774915 4 0 2147483678 2 1224979098644774917 0 1665 2 1224979098644774917 1224979098644774915 3 0 3221225505 3 1224979098644774917 21 201 541 3 1224979098644774917 7 1224979098644774912 2133 2 1224979098644774918 342 6 3 1224979098644774919 194 1224979098644774918 540 3 1224979098644774919 2 2 520 3 1224979098644774920 1224979098644774919 10 132 1 1224979098644774920 2204 2 1224979098644774921 1224979098644774920 31 2 1224979098644774921 1224979098644774913 2281 3 1224979098644774922 1224979098644774915 1224979098644774920 2147483678 2 1224979098644774922 4 2133 2 1224979098644774918 0 3 0 2147483679 2 1224979098644774918 0 2133 2 1224979098644774916 1 3 0 31 2 1224979098644774916 1 4 0 30 2 144115188075856163 1 2322 2 4 1224979098644774912 1106 1 1585267068834415190 3 0 1 3 228 1224979098644774912 1224979098644774914 500 3 1224979098644774912 55 0 4 0 33 3 1224979098644774914 14 21 2341 2 1 1224979098644774912 2343 2 2 1224979098644774913 2343 2 3 1224979098644774914 1106 1 1585267068834415191 4 0 31 2 1224979098644774913 144115188075856287 1 4 292 195 1224979098644774912 1224979098644774914 5 0 31 2 1224979098644774914 144115188075856287 1 4 292 196 1224979098644774912 1224979098644774913 3 0 3 0 3 0 
1.000000  10 31 2 144115188075856163 1 6 3 1224979098644774912 21 201 1680 2 1224979098644774913 1224979098644774912 4 0 32 2 1224979098644774913 0 2330 2 2 1224979098644774912 2330 2 3 1224979098644774913 1106 1 1585267068834415192 3 0 3 0 
1.000000  70 2272 1 1224979098644774912 32 2 1224979098644774912 144115188075856892 2271 1 1224979098644774913 30 2 1224979098644774913 18 2136 3 1224979098644774914 0 4 1073741854 2 1224979098644774913 22 31 2 1224979098644774914 0 2133 2 144115188075856892 1224979098644774912 2149 2 1224979098644774915 0 4 0 2147483678 2 1224979098644774915 0 2121 3 1224979098644774916 0 1224979098644774915 1528 2 0 1224979098644774916 3 0 1671 2 1224979098644774917 0 4 0 2320 2 1 216172782113785762 2319 1 2 1650 2 1224979098644774918 0 2133 2 1224979098644774919 0 7 3 1224979098644774920 0 1224979098644774918 1652 3 1224979098644774921 0 1224979098644774920 2147485155 1 1224979098644774921 1653 3 1224979098644774922 0 1224979098644774920 2173 2 1224979098644774923 1224979098644774921 2133 2 1224979098644774924 1224979098644774917 4 0 30 2 1224979098644774923 15 2147483678 2 1224979098644774923 21 522 3 1224979098644774925 1224979098644774923 99 2108 2 1224979098644774925 100 2105 2 1224979098644774924 1224979098644774925 3 0 2147483678 2 1224979098644774924 32 2121 3 1224979098644774926 36 1224979098644774924 2108 2 1224979098644774926 4 2133 2 1224979098644774927 0 6 3 1224979098644774928 0 1224979098644774922 2136 3 1224979098644774914 0 100 2147483678 2 1224979098644774914 1224979098644774926 2105 2 1224979098644774927 1 1210 2 1224979098644774921 0 3 0 4 0 30 2 1224979098644774927 1 2322 2 2 1224979098644774921 2133 2 72057594037927936 1224979098644774927 4 0 30 2 1224979098644774919 1 2320 2 1 216172782113786511 5 0 2320 2 3 1 2320 2 1 216172782113786512 3 0 2105 2 1224979098644774919 1224979098644774927 3 0 3 0 4 0 30 2 1224979098644774919 1 4 0 30 2 1224979098644774919 2 2320 2 2 216172782113785765 5 0 2320 2 2 216172782113785764 3 0 2320 2 1 216172782113786513 31 2 144115188075856183 0 1120 2 1 216172782113785763 3 0 3 0 
1.000000  11 1 1 557 2120 3 1224979098644774912 20 1 6 3 1224979098644774913 15 1224979098644774912 6 3 1224979098644774914 15 1224979098644774912 2190 3 1224979098644774915 1224979098644774913 1224979098644774914 2335 2 7 1224979098644774913 2335 2 8 1224979098644774914 2147483679 2 1224979098644774913 1224979098644774914 2133 2 72057594037927937 1224979098644774915 3 0 3 0 
1.000000  30 4 0 31 2 144115188075856283 1 2147483780 1 144115188075856063 1030 3 0 0 0 3 0 2133 2 1224979098644774912 144115188075857058 521 3 1224979098644774913 1224979098644774912 38 31 2 1224979098644774913 0 4 0 521 3 1224979098644774914 1224979098644774912 120 521 3 1224979098644774915 1224979098644774914 240 2270 1 1224979098644774916 4 0 31 2 144115188075856163 1 33 3 1224979098644774912 21 201 33 3 1224979098644774914 21 201 2330 2 4 1224979098644774912 2330 2 5 1224979098644774914 2270 1 72057594037927939 521 3 72057594037927940 1224979098644774914 240 1106 1 1585267068834415193 3 0 31 2 1224979098644774916 1224979098644774915 1678 2 1224979098644774912 53 1678 2 1224979098644774912 54 5 0 2120 3 1224979098644774917 1224979098644774915 4 31 2 1224979098644774917 1224979098644774916 1679 1 1224979098644774912 3 0 
24.000000  51 2106 2 144115188075857044 1 2111 2 144115188075857044 -1 2106 2 144115188075857045 1 2111 2 144115188075857045 -1 1669 2 227 216172782113787059 1669 2 228 216172782113787061 1669 2 229 216172782113787062 1669 2 230 216172782113787063 1669 2 231 216172782113787064 1669 2 232 216172782113787064 1669 2 233 216172782113787060 500 3 204 60 27 500 3 201 60 125 500 3 208 67 40 501 3 183 225 0 501 3 184 225 0 501 3 185 225 0 501 3 186 225 0 501 3 187 225 0 501 3 192 225 0 501 3 199 225 0 501 3 157 214 0 501 3 95 214 15 4 0 200 1 41 203 1 41 1 2 387 41 3 0 4 0 200 1 11 526 3 1224979098644774912 11 6 2173 2 1224979098644774913 1224979098644774912 2190 3 1224979098644774914 1224979098644774913 144115188075856287 3221225502 2 1224979098644774914 0 2147483681 3 1224979098644774913 14 21 1 3 316 11 0 3 0 4 0 33 3 144115188075856287 14 21 2147483679 2 144115188075856287 14 542 3 144115188075856287 8 0 2105 2 144115188075857049 1 5 0 2133 2 144115188075857049 0 3 0 6 3 1224979098644774915 21 43 521 3 1224979098644774916 1224979098644774915 139 30 2 1224979098644774916 1 2106 2 1224979098644774916 1 501 3 1224979098644774915 139 1224979098644774916 3 0 
24.000000  18 507 3 121 1 8 507 3 119 1 2 507 3 110 1 4 507 3 115 1 5 507 3 111 1 5 507 3 113 1 5 507 3 124 1 4 507 3 122 1 8 507 3 120 1 7 507 3 123 1 6 507 3 118 1 1 507 3 114 1 2 507 3 117 1 3 507 3 116 1 4 507 3 106 1 4 507 3 112 1 6 507 3 108 1 5 507 3 109 1 4 
24.000000  0 
24.000000  0 
24.000000  0 
24.000000  0 
24.000000  0 
24.000000  0 
24.000000  0 
24.000000  0 
24.000000  0 
